Episode #,Training Iter,In Heatup,ER #Transitions,ER #Episodes,Episode Length,Total steps,Epsilon,Shaped Training Reward,Training Reward,Update Target Network,Wall-Clock Time,Evaluation Reward,Shaped Evaluation Reward,Success Rate,Loss/Mean,Loss/Stdev,Loss/Max,Loss/Min,Learning Rate/Mean,Learning Rate/Stdev,Learning Rate/Max,Learning Rate/Min,Grads (unclipped)/Mean,Grads (unclipped)/Stdev,Grads (unclipped)/Max,Grads (unclipped)/Min,Discounted Return/Mean,Discounted Return/Stdev,Discounted Return/Max,Discounted Return/Min,Entropy/Mean,Entropy/Stdev,Entropy/Max,Entropy/Min,Advantages/Mean,Advantages/Stdev,Advantages/Max,Advantages/Min,Values/Mean,Values/Stdev,Values/Max,Values/Min,Value Loss/Mean,Value Loss/Stdev,Value Loss/Max,Value Loss/Min,Policy Loss/Mean,Policy Loss/Stdev,Policy Loss/Max,Policy Loss/Min,Value Targets/Mean,Value Targets/Stdev,Value Targets/Max,Value Targets/Min,KL Divergence/Mean,KL Divergence/Stdev,KL Divergence/Max,KL Divergence/Min,Likelihood Ratio/Mean,Likelihood Ratio/Stdev,Likelihood Ratio/Max,Likelihood Ratio/Min,Clipped Likelihood Ratio/Mean,Clipped Likelihood Ratio/Stdev,Clipped Likelihood Ratio/Max,Clipped Likelihood Ratio/Min
1,0.0,0.0,526.0,1.0,526.0,526.0,0.0,360.0578000099998,360.0578000099998,0.0,0.0,,,,,,,,,,,,,,,,5.999314386898612,2.24546700832576,8.571127435974216,1e-08,,,,,,,,,,,,,,,,,,,,,,,,,,,,,,,,,,,,
2,0.0,0.0,999.0,2.0,473.0,999.0,0.0,325.5221000099997,325.5221000099997,0.0,32.022451877593994,,,,,,,,,,,,,,,,6.049551339174928,1.7037213012202448,8.518693325532585,1e-08,,,,,,,,,,,,,,,,,,,,,,,,,,,,,,,,,,,,
3,0.0,0.0,1188.0,3.0,189.0,1188.0,0.0,133.5194000100001,133.5194000100001,0.0,45.1038134098053,,,,,,,,,,,,,,,,5.963052186439735,2.4203769581664396,8.830513927726146,1e-08,,,,,,,,,,,,,,,,,,,,,,,,,,,,,,,,,,,,
4,0.0,0.0,1378.0,4.0,190.0,1378.0,0.0,104.5520000100001,104.5520000100001,0.0,58.422630310058594,,,,,,,,,,,,,,,,4.629126755847159,2.838352417413084,8.260162901249567,1e-08,,,,,,,,,,,,,,,,,,,,,,,,,,,,,,,,,,,,
5,0.0,0.0,2067.0,5.0,689.0,2067.0,0.0,516.0241000099996,516.0241000099996,0.0,105.15004682540894,,,,,,,,,,,,,,,,6.611698175076825,1.5289224393437892,8.476025941917314,1e-08,,,,,,,,,,,,,,,,,,,,,,,,,,,,,,,,,,,,
6,0.0,0.0,2375.0,6.0,308.0,2375.0,0.0,205.03280001000024,205.03280001000024,0.0,126.117990732193,,,,,,,,,,,,,,,,5.778642649967497,2.2391714041790545,7.783916911198589,1e-08,,,,,,,,,,,,,,,,,,,,,,,,,,,,,,,,,,,,
7,0.0,0.0,3498.0,7.0,1123.0,3498.0,0.0,800.1154999999995,800.1154999999995,0.0,202.01737809181213,,,,,,,,,,,,,,,,6.317501232446252,1.6506841360957512,8.765739304503494,0.016031114155678376,,,,,,,,,,,,,,,,,,,,,,,,,,,,,,,,,,,,
8,0.0,0.0,4488.0,8.0,990.0,4488.0,0.0,754.5753000099995,754.5753000099995,0.0,268.67661595344543,,,,,,,,,,,,,,,,6.74359216818654,1.2907072544473628,8.797861764869403,1e-08,,,,,,,,,,,,,,,,,,,,,,,,,,,,,,,,,,,,
9,0.0,0.0,5284.0,9.0,796.0,5284.0,0.0,476.16485001000035,476.16485001000035,0.0,323.07511591911316,,,,,,,,,,,,,,,,5.277822405765874,2.805123105915914,8.426491493280631,1e-08,,,,,,,,,,,,,,,,,,,,,,,,,,,,,,,,,,,,
10,0.0,0.0,5364.0,10.0,80.0,5364.0,0.0,39.02600000999996,39.02600000999996,0.0,328.5999891757965,,,,,,,,,,,,,,,,3.5809811219107006,2.9368117591855114,7.815776078468608,1e-08,,,,,,,,,,,,,,,,,,,,,,,,,,,,,,,,,,,,
11,0.0,0.0,5740.0,11.0,376.0,5740.0,0.0,273.52310000999967,273.52310000999967,0.0,354.4954113960266,,,,,,,,,,,,,,,,6.341555959855885,1.9226977911937135,8.267983939125632,1e-08,,,,,,,,,,,,,,,,,,,,,,,,,,,,,,,,,,,,
12,0.0,0.0,6436.0,12.0,696.0,6436.0,0.0,510.05660000999944,510.05660000999944,0.0,401.3992397785187,,,,,,,,,,,,,,,,6.464404322349825,2.0130474242144736,8.555738670301325,1e-08,,,,,,,,,,,,,,,,,,,,,,,,,,,,,,,,,,,,
13,0.0,0.0,7416.0,13.0,980.0,7416.0,0.0,764.4,764.4,0.0,467.61041951179504,,,,,,,,,,,,,,,,6.90122587783453,0.741959077608143,8.632108464298847,0.5,,,,,,,,,,,,,,,,,,,,,,,,,,,,,,,,,,,,
14,0.0,0.0,7530.0,14.0,114.0,7530.0,0.0,71.51750001000006,71.51750001000006,0.0,475.5428955554962,,,,,,,,,,,,,,,,5.14588497242717,2.480392435158451,7.442755763619757,1e-08,,,,,,,,,,,,,,,,,,,,,,,,,,,,,,,,,,,,
15,0.0,0.0,8147.0,15.0,617.0,8147.0,0.0,432.07145001000004,432.07145001000004,0.0,517.44895362854,,,,,,,,,,,,,,,,6.155857959019048,2.3311963966654874,8.637510914444695,1e-08,,,,,,,,,,,,,,,,,,,,,,,,,,,,,,,,,,,,
16,0.0,0.0,8950.0,16.0,803.0,8950.0,0.0,579.0519000099995,579.0519000099995,0.0,571.7135894298553,,,,,,,,,,,,,,,,6.358405788336671,1.8380243986886917,8.770915799549725,1e-08,,,,,,,,,,,,,,,,,,,,,,,,,,,,,,,,,,,,
17,0.0,0.0,9043.0,17.0,93.0,9043.0,0.0,57.515500009999975,57.515500009999975,0.0,578.256609916687,,,,,,,,,,,,,,,,4.958240549883482,2.649285688470129,7.598189436712049,1e-08,,,,,,,,,,,,,,,,,,,,,,,,,,,,,,,,,,,,
18,0.0,0.0,9700.0,18.0,657.0,9700.0,0.0,494.02285000999973,494.02285000999973,0.0,622.8507027626038,,,,,,,,,,,,,,,,6.629765839100012,1.6661235233425162,8.624520174414952,1e-08,,,,,,,,,,,,,,,,,,,,,,,,,,,,,,,,,,,,
19,1.0,0.0,0.0,0.0,46.0,9746.0,0.0,20.51850001000002,20.51850001000002,0.0,1177.0464508533478,,,,0.8563296,1.3270084,4.823035,0.28110158,,,,,17.974575,23.188997,289.5925,4.0866914,2.899610527589257,2.8631140222722613,7.389925525385089,1e-08,1.9319366,0.0,1.9319366,1.9319366,3.4994922344022994e-16,1.0,2.629734654503456,-2.0370253407671264,92.34691,35.271065,145.499,-2.0235975,1.0017915,1.2787377,4.8267074,0.45433977,-0.1262691,0.049631126,0.01530443,-0.15391894,30.35876991025735,11.140151377882718,46.09000306536474,-0.475176261495011,0.06681253,0.0,0.06681253,0.06681253,0.9781991,0.3910274,12.631502,0.004645899,0.97064865,0.1774624,1.2,0.8
20,1.0,0.0,376.0,1.0,376.0,10122.0,0.0,265.53415000999973,265.53415000999973,0.0,1207.1003201007843,,,,,,,,,,,,,,,,6.162774261242067,2.0730822894546743,8.60660760549458,1e-08,,,,,,,,,,,,,,,,,,,,,,,,,,,,,,,,,,,,
21,1.0,0.0,1209.0,2.0,833.0,10955.0,0.0,519.599100009999,519.599100009999,0.0,1263.5379645824432,,,,,,,,,,,,,,,,5.514598622665051,2.6338306121003785,8.776138860908956,1e-08,,,,,,,,,,,,,,,,,,,,,,,,,,,,,,,,,,,,
22,1.0,0.0,1443.0,3.0,234.0,11189.0,0.0,165.5194000100001,165.5194000100001,0.0,1279.4743945598602,,,,,,,,,,,,,,,,6.055421655375804,2.12751318236418,8.228173060457252,1e-08,,,,,,,,,,,,,,,,,,,,,,,,,,,,,,,,,,,,
23,1.0,0.0,1605.0,4.0,162.0,11351.0,0.0,107.02020001000007,107.02020001000007,0.0,1290.7834527492523,,,,,,,,,,,,,,,,5.5336901632867,2.4493742109192205,7.8889583477660015,1e-08,,,,,,,,,,,,,,,,,,,,,,,,,,,,,,,,,,,,
24,1.0,0.0,1953.0,5.0,348.0,11699.0,0.0,249.52210001000014,249.52210001000014,0.0,1314.5508313179016,,,,,,,,,,,,,,,,6.238471979675185,1.9202509609122824,8.104771422026138,1e-08,,,,,,,,,,,,,,,,,,,,,,,,,,,,,,,,,,,,
25,1.0,0.0,2228.0,6.0,275.0,11974.0,0.0,174.53650001000022,174.53650001000022,0.0,1333.4084548950195,,,,,,,,,,,,,,,,5.485123097226728,2.4412932621016323,7.963263335829839,1e-08,,,,,,,,,,,,,,,,,,,,,,,,,,,,,,,,,,,,
26,1.0,0.0,2481.0,7.0,253.0,12227.0,0.0,163.03435001000022,163.03435001000022,0.0,1350.7704989910126,,,,,,,,,,,,,,,,5.573070494888579,2.4615766511023196,8.325693631252834,1e-08,,,,,,,,,,,,,,,,,,,,,,,,,,,,,,,,,,,,
27,1.0,0.0,2702.0,8.0,221.0,12448.0,0.0,145.52675001000017,145.52675001000017,0.0,1366.028957605362,,,,,,,,,,,,,,,,5.619417107531537,2.396708324022817,8.16350468583331,1e-08,,,,,,,,,,,,,,,,,,,,,,,,,,,,,,,,,,,,
28,1.0,0.0,2817.0,9.0,115.0,12563.0,0.0,68.02015001000007,68.02015001000007,0.0,1374.4090547561646,,,,,,,,,,,,,,,,4.923418913686253,2.782342086101447,7.886184739798776,1e-08,,,,,,,,,,,,,,,,,,,,,,,,,,,,,,,,,,,,
29,1.0,0.0,2910.0,10.0,93.0,12656.0,0.0,44.530750009999956,44.530750009999956,0.0,1381.065227985382,,,,,,,,,,,,,,,,3.6899748518098767,2.9627593764236573,7.508564241212767,1e-08,,,,,,,,,,,,,,,,,,,,,,,,,,,,,,,,,,,,
30,1.0,0.0,3386.0,11.0,476.0,13132.0,0.0,325.05390000999995,325.05390000999995,0.0,1413.4451615810394,,,,,,,,,,,,,,,,5.981982291600916,2.1954921925755393,8.340173356045177,1e-08,,,,,,,,,,,,,,,,,,,,,,,,,,,,,,,,,,,,
31,1.0,0.0,3658.0,12.0,272.0,13404.0,0.0,192.01950001000012,192.01950001000012,0.0,1432.047067642212,,,,,,,,,,,,,,,,6.098402151403599,1.9787804303545466,8.049712215605338,1e-08,,,,,,,,,,,,,,,,,,,,,,,,,,,,,,,,,,,,
32,1.0,0.0,3839.0,13.0,181.0,13585.0,0.0,126.01740001000006,126.01740001000006,0.0,1444.5790708065033,,,,,,,,,,,,,,,,5.917016215541223,2.283475111401065,8.409095787083412,1e-08,,,,,,,,,,,,,,,,,,,,,,,,,,,,,,,,,,,,
33,1.0,0.0,4423.0,14.0,584.0,14169.0,0.0,361.6088500099986,361.6088500099986,0.0,1484.294893503189,,,,,,,,,,,,,,,,5.4317493755708055,2.789697907686114,8.499002837145694,1e-08,,,,,,,,,,,,,,,,,,,,,,,,,,,,,,,,,,,,
34,1.0,0.0,4615.0,15.0,192.0,14361.0,0.0,130.02205001000013,130.02205001000013,0.0,1497.5111939907074,,,,,,,,,,,,,,,,5.768544941127658,2.3977548536598996,7.863727730807492,1e-08,,,,,,,,,,,,,,,,,,,,,,,,,,,,,,,,,,,,
35,1.0,0.0,4797.0,16.0,182.0,14543.0,0.0,75.08165001000012,75.08165001000012,0.0,1510.3736157417297,,,,,,,,,,,,,,,,3.3546525792530644,3.53482629639786,8.496984634504111,1e-08,,,,,,,,,,,,,,,,,,,,,,,,,,,,,,,,,,,,
36,1.0,0.0,5771.0,17.0,974.0,15517.0,0.0,643.123700009999,643.123700009999,0.0,1576.4035007953644,,,,,,,,,,,,,,,,5.835719450541617,2.2503806996594853,8.651587355793597,1e-08,,,,,,,,,,,,,,,,,,,,,,,,,,,,,,,,,,,,
37,1.0,0.0,6265.0,18.0,494.0,16011.0,0.0,361.98020000999935,361.98020000999935,0.0,1610.067726135254,,,,,,,,,,,,,,,,6.429920196760723,1.7795316674712696,8.39975561188092,1e-08,,,,,,,,,,,,,,,,,,,,,,,,,,,,,,,,,,,,
38,1.0,0.0,6304.0,19.0,39.0,16050.0,0.0,17.515600010000018,17.515600010000018,0.0,1613.108475446701,,,,,,,,,,,,,,,,2.578806570513022,2.57160932709323,7.039834358107117,1e-08,,,,,,,,,,,,,,,,,,,,,,,,,,,,,,,,,,,,
39,2.0,0.0,0.0,0.0,594.0,16644.0,0.0,435.52405000999966,435.52405000999966,0.0,2010.9528965950012,,,,0.17026344,0.51085025,1.6929677,-0.061116237,,,,,6.931249,10.482628,101.53349,1.5019633,6.435331358328843,1.6778378948445014,8.444591681590188,1e-08,1.969996,0.0,1.969996,1.969996,8.240565216121777e-17,1.0,2.4177917537762017,-1.6809465191292148,27.685799,12.187938,45.819485,-1.0508869,0.32247248,0.46047384,1.6969774,0.11578531,-0.13260826,0.050964292,0.015616892,-0.15741871,11.84574298222454,4.748855287695391,18.81705723090925,-0.1620229283945559,0.055256464,0.0,0.055256464,0.055256464,0.9868755,0.42962775,7.846794,0.01315129,0.9691865,0.17982084,1.2,0.8
40,2.0,0.0,555.0,1.0,555.0,17199.0,0.0,390.02500000999964,390.02500000999964,0.0,2052.929826974869,,,,,,,,,,,,,,,,6.173379915851949,1.6266204895264202,8.063620584935329,1e-08,,,,,,,,,,,,,,,,,,,,,,,,,,,,,,,,,,,,
41,2.0,0.0,922.0,2.0,367.0,17566.0,0.0,256.02905000999954,256.02905000999954,0.0,2077.8910620212555,,,,,,,,,,,,,,,,6.0861516943246174,2.0824924125239046,8.359051687421111,1e-08,,,,,,,,,,,,,,,,,,,,,,,,,,,,,,,,,,,,
42,2.0,0.0,2079.0,3.0,1157.0,18723.0,0.0,881.5,881.5,0.0,2156.5676708221436,,,,,,,,,,,,,,,,6.749260873820852,0.6938633938285861,8.443283088759095,1.0,,,,,,,,,,,,,,,,,,,,,,,,,,,,,,,,,,,,
43,2.0,0.0,2366.0,4.0,287.0,19010.0,0.0,198.5294000100002,198.5294000100002,0.0,2176.446851491928,,,,,,,,,,,,,,,,5.9848407138340205,2.2681490129868456,7.952488473206817,1e-08,,,,,,,,,,,,,,,,,,,,,,,,,,,,,,,,,,,,
44,2.0,0.0,2417.0,5.0,51.0,19061.0,0.0,22.021850010000023,22.021850010000023,0.0,2180.2942719459534,,,,,,,,,,,,,,,,2.7613719153591276,2.896283942969938,7.3615342066754215,1e-08,,,,,,,,,,,,,,,,,,,,,,,,,,,,,,,,,,,,
45,2.0,0.0,2497.0,6.0,80.0,19141.0,0.0,37.02800000999996,37.02800000999996,0.0,2186.1378638744354,,,,,,,,,,,,,,,,3.5551470748783998,2.9891451154941575,7.354407082461732,1e-08,,,,,,,,,,,,,,,,,,,,,,,,,,,,,,,,,,,,
46,2.0,0.0,3446.0,7.0,949.0,20090.0,0.0,665.0829500099999,665.0829500099999,0.0,2250.3985693454742,,,,,,,,,,,,,,,,6.198909122700896,2.1476738402891717,8.268448468700418,1e-08,,,,,,,,,,,,,,,,,,,,,,,,,,,,,,,,,,,,
47,2.0,0.0,3610.0,8.0,164.0,20254.0,0.0,106.52125001000007,106.52125001000007,0.0,2261.5928757190704,,,,,,,,,,,,,,,,5.430442693201916,2.4442453011647367,8.11627045766846,1e-08,,,,,,,,,,,,,,,,,,,,,,,,,,,,,,,,,,,,
48,2.0,0.0,3726.0,9.0,116.0,20370.0,0.0,69.52425001000009,69.52425001000009,0.0,2269.823482275009,,,,,,,,,,,,,,,,4.873941569641624,2.9187546161772677,8.259476076772069,1e-08,,,,,,,,,,,,,,,,,,,,,,,,,,,,,,,,,,,,
49,2.0,0.0,3830.0,10.0,104.0,20474.0,0.0,48.03725000999995,48.03725000999995,0.0,2277.265073776245,,,,,,,,,,,,,,,,3.6278266510946517,3.035157564965824,7.563377018050693,1e-08,,,,,,,,,,,,,,,,,,,,,,,,,,,,,,,,,,,,
50,2.0,0.0,4871.0,11.0,1041.0,21515.0,0.0,736.0869500099999,736.0869500099999,0.0,2347.874485015869,,,,,,,,,,,,,,,,6.257752876757199,2.0360393341051366,8.562670924826175,1e-08,,,,,,,,,,,,,,,,,,,,,,,,,,,,,,,,,,,,
51,2.0,0.0,5327.0,12.0,456.0,21971.0,0.0,324.52595000999963,324.52595000999963,0.0,2378.8138098716736,,,,,,,,,,,,,,,,6.238994383943553,1.793429959867238,8.139435865055706,1e-08,,,,,,,,,,,,,,,,,,,,,,,,,,,,,,,,,,,,
52,2.0,0.0,6175.0,13.0,848.0,22819.0,0.0,632.5250000099996,632.5250000099996,0.0,2436.2247343063354,,,,,,,,,,,,,,,,6.598656564918073,1.4231575418421103,8.619214924183554,1e-08,,,,,,,,,,,,,,,,,,,,,,,,,,,,,,,,,,,,
53,2.0,0.0,6310.0,14.0,135.0,22954.0,0.0,86.52325001000008,86.52325001000008,0.0,2445.630646467209,,,,,,,,,,,,,,,,5.323755148721832,2.8651651652702634,8.142507129696273,1e-08,,,,,,,,,,,,,,,,,,,,,,,,,,,,,,,,,,,,
54,2.0,0.0,7455.0,15.0,1145.0,24099.0,0.0,823.5651500000002,823.5651500000002,0.0,2523.1484882831573,,,,,,,,,,,,,,,,6.380884386965651,1.678041269109226,8.401224426015633,0.00965823517375717,,,,,,,,,,,,,,,,,,,,,,,,,,,,,,,,,,,,
55,2.0,0.0,8149.0,16.0,694.0,24793.0,0.0,515.5247500099997,515.5247500099997,0.0,2570.1979491710663,,,,,,,,,,,,,,,,6.547553721430872,1.5152503468571001,8.585491520430606,1e-08,,,,,,,,,,,,,,,,,,,,,,,,,,,,,,,,,,,,
56,2.0,0.0,8886.0,17.0,737.0,25530.0,0.0,502.57860001000006,502.57860001000006,0.0,2619.954747200012,,,,,,,,,,,,,,,,6.022600399481989,2.2102331543099094,8.622081288253643,1e-08,,,,,,,,,,,,,,,,,,,,,,,,,,,,,,,,,,,,
57,2.0,0.0,9559.0,18.0,673.0,26203.0,0.0,455.05195000999976,455.05195000999976,0.0,2665.765275001526,,,,,,,,,,,,,,,,5.955869348027896,1.765190222314655,8.340349638652539,1e-08,,,,,,,,,,,,,,,,,,,,,,,,,,,,,,,,,,,,
58,3.0,0.0,0.0,0.0,41.0,26244.0,0.0,17.516350010000018,17.516350010000018,0.0,3208.761871576309,,,,0.0026435212,0.13527755,0.3968004,-0.07588682,,,,,3.9495027,4.2504344,58.87498,0.88444656,2.5497003547922574,2.614161485698757,6.540682410804004,1e-08,1.9532102,0.0,1.9532102,1.9532102,3.256654205567126e-17,1.0,3.617564447387934,-5.026202850284376,13.170993,4.1271105,19.315788,-0.29075634,0.15110692,0.08583986,0.40204275,0.09802164,-0.1289409,0.04973911,0.014454994,-0.15437633,8.14493770431843,2.4350738126014746,11.236794444923405,-0.019950898663759348,0.058454398,0.0,0.058454398,0.058454398,0.9974182,0.440778,7.0466313,0.055973835,0.974156,0.18149036,1.2,0.8
59,3.0,0.0,432.0,1.0,432.0,26676.0,0.0,311.02855000999966,311.02855000999966,0.0,3243.36967420578,,,,,,,,,,,,,,,,6.278464153124444,1.9238549331926453,8.386625528352996,1e-08,,,,,,,,,,,,,,,,,,,,,,,,,,,,,,,,,,,,
60,3.0,0.0,924.0,2.0,492.0,27168.0,0.0,333.55675000999963,333.55675000999963,0.0,3277.4593324661255,,,,,,,,,,,,,,,,5.936140003848034,2.2083651308618584,8.298449686915918,1e-08,,,,,,,,,,,,,,,,,,,,,,,,,,,,,,,,,,,,
61,3.0,0.0,1219.0,3.0,295.0,27463.0,0.0,208.52025001000013,208.52025001000013,0.0,3297.5757603645325,,,,,,,,,,,,,,,,6.121601790465415,1.9830268374887348,8.079636763708114,1e-08,,,,,,,,,,,,,,,,,,,,,,,,,,,,,,,,,,,,
62,3.0,0.0,1470.0,4.0,251.0,27714.0,0.0,173.02500001000016,173.02500001000016,0.0,3314.8001289367676,,,,,,,,,,,,,,,,5.930808746465756,2.2730894833050055,7.875145544858188,1e-08,,,,,,,,,,,,,,,,,,,,,,,,,,,,,,,,,,,,
63,3.0,0.0,1543.0,5.0,73.0,27787.0,0.0,43.018250009999974,43.018250009999974,0.0,3320.1797289848328,,,,,,,,,,,,,,,,4.490754318341283,3.0740170604142554,7.798701186193335,1e-08,,,,,,,,,,,,,,,,,,,,,,,,,,,,,,,,,,,,
64,3.0,0.0,1836.0,6.0,293.0,28080.0,0.0,200.02965001000018,200.02965001000018,0.0,3340.274731874466,,,,,,,,,,,,,,,,5.922525722662422,2.3211622535073384,8.491155520210107,1e-08,,,,,,,,,,,,,,,,,,,,,,,,,,,,,,,,,,,,
65,3.0,0.0,2025.0,7.0,189.0,28269.0,0.0,129.02115001000013,129.02115001000013,0.0,3353.3982622623444,,,,,,,,,,,,,,,,5.802219181236484,2.4005838022130814,7.996591319309856,1e-08,,,,,,,,,,,,,,,,,,,,,,,,,,,,,,,,,,,,
66,3.0,0.0,2636.0,8.0,611.0,28880.0,0.0,397.58965000999984,397.58965000999984,0.0,3394.92107462883,,,,,,,,,,,,,,,,5.719922433226777,2.3983132367184674,8.260399828826758,1e-08,,,,,,,,,,,,,,,,,,,,,,,,,,,,,,,,,,,,
67,3.0,0.0,2813.0,9.0,177.0,29057.0,0.0,105.03865001000011,105.03865001000011,0.0,3407.07217502594,,,,,,,,,,,,,,,,5.006667943627748,2.9960283609913123,8.330624552368468,1e-08,,,,,,,,,,,,,,,,,,,,,,,,,,,,,,,,,,,,
68,3.0,0.0,3181.0,10.0,368.0,29425.0,0.0,248.55320001000024,248.55320001000024,0.0,3432.2167212963104,,,,,,,,,,,,,,,,5.878321919636555,2.451892866305945,8.24973746598794,1e-08,,,,,,,,,,,,,,,,,,,,,,,,,,,,,,,,,,,,
69,3.0,0.0,3342.0,11.0,161.0,29586.0,0.0,99.03000001000011,99.03000001000011,0.0,3443.4679279327393,,,,,,,,,,,,,,,,5.153088869146043,2.8186294683912587,8.181811351019437,1e-08,,,,,,,,,,,,,,,,,,,,,,,,,,,,,,,,,,,,
70,3.0,0.0,3519.0,12.0,177.0,29763.0,0.0,122.01940001000007,122.01940001000007,0.0,3455.8443121910095,,,,,,,,,,,,,,,,5.820444750320253,2.4379656287112192,8.12927092054109,1e-08,,,,,,,,,,,,,,,,,,,,,,,,,,,,,,,,,,,,
