Episode #,Training Iter,In Heatup,ER #Transitions,ER #Episodes,Episode Length,Total steps,Epsilon,Shaped Training Reward,Training Reward,Update Target Network,Wall-Clock Time,Evaluation Reward,Shaped Evaluation Reward,Success Rate,Loss/Mean,Loss/Stdev,Loss/Max,Loss/Min,Learning Rate/Mean,Learning Rate/Stdev,Learning Rate/Max,Learning Rate/Min,Grads (unclipped)/Mean,Grads (unclipped)/Stdev,Grads (unclipped)/Max,Grads (unclipped)/Min,Discounted Return/Mean,Discounted Return/Stdev,Discounted Return/Max,Discounted Return/Min,Entropy/Mean,Entropy/Stdev,Entropy/Max,Entropy/Min,Advantages/Mean,Advantages/Stdev,Advantages/Max,Advantages/Min,Values/Mean,Values/Stdev,Values/Max,Values/Min,Value Loss/Mean,Value Loss/Stdev,Value Loss/Max,Value Loss/Min,Policy Loss/Mean,Policy Loss/Stdev,Policy Loss/Max,Policy Loss/Min,Value Targets/Mean,Value Targets/Stdev,Value Targets/Max,Value Targets/Min,KL Divergence/Mean,KL Divergence/Stdev,KL Divergence/Max,KL Divergence/Min,Likelihood Ratio/Mean,Likelihood Ratio/Stdev,Likelihood Ratio/Max,Likelihood Ratio/Min,Clipped Likelihood Ratio/Mean,Clipped Likelihood Ratio/Stdev,Clipped Likelihood Ratio/Max,Clipped Likelihood Ratio/Min
1,0.0,0.0,996.0,1.0,996.0,996.0,0.0,1006.4389215601432,1006.4389215601432,0.0,0.0,,,,,,,,,,,,,,,,393.0160898027075,159.58530893902224,615.6105066232701,1.8,,,,,,,,,,,,,,,,,,,,,,,,,,,,,,,,,,,,
2,0.0,0.0,1986.0,2.0,990.0,1986.0,0.0,1205.1672879753467,1205.1672879753467,0.0,66.76637268066406,,,,,,,,,,,,,,,,474.1321088574479,216.2071600128066,736.5130132196912,1.8,,,,,,,,,,,,,,,,,,,,,,,,,,,,,,,,,,,,
3,0.0,0.0,3124.0,3.0,1138.0,3124.0,0.0,1365.4456305844358,1365.4456305844358,0.0,143.5878918170929,,,,,,,,,,,,,,,,524.1626982141139,214.28825094182287,769.7181982149914,2.0,,,,,,,,,,,,,,,,,,,,,,,,,,,,,,,,,,,,
4,0.0,0.0,4118.0,4.0,994.0,4118.0,0.0,1185.536213434752,1185.536213434752,0.0,210.69834923744202,,,,,,,,,,,,,,,,464.379535881213,209.143845025218,724.6676223912177,1.0,,,,,,,,,,,,,,,,,,,,,,,,,,,,,,,,,,,,
5,0.0,0.0,4182.0,5.0,64.0,4182.0,0.0,22.99273897491554,22.99273897491554,0.0,215.14618253707886,,,,,,,,,,,,,,,,5.318027974000897,6.988544965953926,22.67506024482431,1e-08,,,,,,,,,,,,,,,,,,,,,,,,,,,,,,,,,,,,
6,0.0,0.0,5197.0,6.0,1015.0,5197.0,0.0,1212.6413412072775,1212.6413412072775,0.0,284.0497496128082,,,,,,,,,,,,,,,,485.1546495557361,197.44827171799943,720.930302210416,1.8,,,,,,,,,,,,,,,,,,,,,,,,,,,,,,,,,,,,
7,0.0,0.0,6212.0,7.0,1015.0,6212.0,0.0,1039.6032442524497,1039.6032442524497,0.0,352.37002182006836,,,,,,,,,,,,,,,,437.05117187199295,161.81826872376473,596.592897700076,1.6,,,,,,,,,,,,,,,,,,,,,,,,,,,,,,,,,,,,
8,0.0,0.0,7155.0,8.0,943.0,7155.0,0.0,985.8184557394636,985.8184557394636,0.0,416.0551130771637,,,,,,,,,,,,,,,,378.78216167293493,191.34992893339327,629.2561334153025,1e-08,,,,,,,,,,,,,,,,,,,,,,,,,,,,,,,,,,,,
9,0.0,0.0,8242.0,9.0,1087.0,8242.0,0.0,1112.5750407879764,1112.5750407879764,0.0,489.6254367828369,,,,,,,,,,,,,,,,422.27263679039754,190.46582377876436,654.218903500317,1e-08,,,,,,,,,,,,,,,,,,,,,,,,,,,,,,,,,,,,
10,0.0,0.0,9268.0,10.0,1026.0,9268.0,0.0,1209.276067871781,1209.276067871781,0.0,558.8675260543823,,,,,,,,,,,,,,,,469.8102459883925,215.80547787407488,727.9787342219114,1.0,,,,,,,,,,,,,,,,,,,,,,,,,,,,,,,,,,,,
11,0.0,0.0,10262.0,11.0,994.0,10262.0,0.0,1086.8467168680338,1086.8467168680338,0.0,626.0115525722504,,,,,,,,,,,,,,,,462.031821645026,179.35840029118455,633.3036738570986,1.6,,,,,,,,,,,,,,,,,,,,,,,,,,,,,,,,,,,,
12,0.0,0.0,11138.0,12.0,876.0,11138.0,0.0,956.1836342393779,956.1836342393779,0.0,685.1104130744934,,,,,,,,,,,,,,,,372.50380988465037,203.15010593074973,630.500797578002,1e-08,,,,,,,,,,,,,,,,,,,,,,,,,,,,,,,,,,,,
13,0.0,0.0,11273.0,13.0,135.0,11273.0,0.0,99.75270346384299,99.75270346384299,0.0,694.3578104972839,,,,,,,,,,,,,,,,39.323942162369654,31.293157598239425,94.53850978170485,1e-08,,,,,,,,,,,,,,,,,,,,,,,,,,,,,,,,,,,,
14,0.0,0.0,12286.0,14.0,1013.0,12286.0,0.0,1153.1962069670315,1153.1962069670315,0.0,762.9662191867828,,,,,,,,,,,,,,,,462.4482309670748,194.14343345205148,685.4215705679526,1.8,,,,,,,,,,,,,,,,,,,,,,,,,,,,,,,,,,,,
15,0.0,0.0,12351.0,15.0,65.0,12351.0,0.0,19.488764214785988,19.488764214785988,0.0,767.4952449798584,,,,,,,,,,,,,,,,4.7464639285213375,5.6694562043515395,19.199443502935036,1e-08,,,,,,,,,,,,,,,,,,,,,,,,,,,,,,,,,,,,
16,0.0,0.0,13363.0,16.0,1012.0,13363.0,0.0,1157.663456894672,1157.663456894672,0.0,836.1168718338013,,,,,,,,,,,,,,,,449.2186540046118,210.50883434308253,703.7579369789826,1.6,,,,,,,,,,,,,,,,,,,,,,,,,,,,,,,,,,,,
17,0.0,0.0,14360.0,17.0,997.0,14360.0,0.0,1179.1205121935743,1179.1205121935743,0.0,903.2954654693604,,,,,,,,,,,,,,,,474.6768320300399,216.4190252159247,715.9268207079862,1.0,,,,,,,,,,,,,,,,,,,,,,,,,,,,,,,,,,,,
18,0.0,0.0,14776.0,18.0,416.0,14776.0,0.0,238.41021099831076,238.41021099831076,0.0,931.4166820049286,,,,,,,,,,,,,,,,89.36036370573957,60.24590319035025,201.43773743415744,1e-08,,,,,,,,,,,,,,,,,,,,,,,,,,,,,,,,,,,,
19,0.0,0.0,14830.0,19.0,54.0,14830.0,0.0,15.699740890382284,15.699740890382284,0.0,935.4025573730469,,,,,,,,,,,,,,,,2.9719515692060434,4.488344604622877,15.554810315961113,1e-08,,,,,,,,,,,,,,,,,,,,,,,,,,,,,,,,,,,,
20,0.0,0.0,15392.0,20.0,562.0,15392.0,0.0,531.8823720201141,531.8823720201141,0.0,973.5314035415649,,,,,,,,,,,,,,,,221.47529545372566,124.24935065683249,407.82107705217294,1e-08,,,,,,,,,,,,,,,,,,,,,,,,,,,,,,,,,,,,
21,1.0,0.0,259.0,1.0,259.0,15651.0,0.0,111.60907777526486,111.60907777526486,0.0,1816.9398922920227,,,,,,,,,,,,,,,,34.25605863906322,27.78460442755023,102.83959818593345,1e-08,,,,,,,,,,,,,,,,,,,,,,,,,,,,,,,,,,,,
22,1.0,0.0,1250.0,2.0,991.0,16642.0,0.0,1093.7716183988102,1093.7716183988102,0.0,1884.0130248069763,,,,,,,,,,,,,,,,441.02453520202937,185.45106577908055,657.3736776912899,1.6,,,,,,,,,,,,,,,,,,,,,,,,,,,,,,,,,,,,
23,1.0,0.0,1588.0,3.0,338.0,16980.0,0.0,240.35074202806493,240.35074202806493,0.0,1906.8458659648895,,,,,,,,,,,,,,,,97.20241997938766,67.35738696646729,207.70402810313502,1e-08,,,,,,,,,,,,,,,,,,,,,,,,,,,,,,,,,,,,
24,1.0,0.0,2585.0,4.0,997.0,17977.0,0.0,1103.2835162948493,1103.2835162948493,0.0,1974.6910688877106,,,,,,,,,,,,,,,,445.2946376456064,184.73488839517182,659.9847473094899,2.0,,,,,,,,,,,,,,,,,,,,,,,,,,,,,,,,,,,,
25,1.0,0.0,2663.0,5.0,78.0,18055.0,0.0,16.620130307052804,16.620130307052804,0.0,1979.9814870357513,,,,,,,,,,,,,,,,2.7051659744926217,4.404330658471762,16.425552913956334,1e-08,,,,,,,,,,,,,,,,,,,,,,,,,,,,,,,,,,,,
26,1.0,0.0,3666.0,6.0,1003.0,19058.0,0.0,999.3864132187006,999.3864132187006,0.0,2047.87326669693,,,,,,,,,,,,,,,,383.58486038508846,198.44861507022102,615.2660643167737,1e-08,,,,,,,,,,,,,,,,,,,,,,,,,,,,,,,,,,,,
27,1.0,0.0,4651.0,7.0,985.0,20043.0,0.0,1029.4277851183404,1029.4277851183404,0.0,2114.4732489585876,,,,,,,,,,,,,,,,381.64204826204514,204.97752862179453,654.1645321123376,1e-08,,,,,,,,,,,,,,,,,,,,,,,,,,,,,,,,,,,,
28,1.0,0.0,5651.0,8.0,1000.0,21043.0,0.0,1162.1813105974397,1162.1813105974397,0.0,2181.8850226402283,,,,,,,,,,,,,,,,457.06437002092616,201.6201912377047,705.8227633398536,1.0,,,,,,,,,,,,,,,,,,,,,,,,,,,,,,,,,,,,
29,1.0,0.0,6430.0,9.0,779.0,21822.0,0.0,626.0204210601613,626.0204210601613,0.0,2234.745488166809,,,,,,,,,,,,,,,,236.03866239839192,125.05075913770015,442.58889194375854,1e-08,,,,,,,,,,,,,,,,,,,,,,,,,,,,,,,,,,,,
30,1.0,0.0,6593.0,10.0,163.0,21985.0,0.0,95.00288967787408,95.00288967787408,0.0,2245.8379456996918,,,,,,,,,,,,,,,,38.207981444068906,27.387500677761487,88.86385255504597,1e-08,,,,,,,,,,,,,,,,,,,,,,,,,,,,,,,,,,,,
31,1.0,0.0,7457.0,11.0,864.0,22849.0,0.0,752.3586889070444,752.3586889070444,0.0,2304.3463373184204,,,,,,,,,,,,,,,,291.6837070107082,145.41113797317402,500.84481086065216,1e-08,,,,,,,,,,,,,,,,,,,,,,,,,,,,,,,,,,,,
32,1.0,0.0,8432.0,12.0,975.0,23824.0,0.0,984.9270041356873,984.9270041356873,0.0,2370.229104042053,,,,,,,,,,,,,,,,389.4909729482993,171.79730006158246,605.7790845956903,1e-08,,,,,,,,,,,,,,,,,,,,,,,,,,,,,,,,,,,,
33,1.0,0.0,9404.0,13.0,972.0,24796.0,0.0,1052.9608176612967,1052.9608176612967,0.0,2435.692634344101,,,,,,,,,,,,,,,,402.2792552107563,212.32422051743347,662.6079895860273,0.0016,,,,,,,,,,,,,,,,,,,,,,,,,,,,,,,,,,,,
34,1.0,0.0,9991.0,14.0,587.0,25383.0,0.0,508.9885362256145,508.9885362256145,0.0,2475.5112357139587,,,,,,,,,,,,,,,,201.51509161547943,122.41028252989938,391.09026771504296,1e-08,,,,,,,,,,,,,,,,,,,,,,,,,,,,,,,,,,,,
35,1.0,0.0,10650.0,15.0,659.0,26042.0,0.0,587.9361191753619,587.9361191753619,0.0,2520.062843799591,,,,,,,,,,,,,,,,231.60508993115351,136.84790349813545,435.74410901975176,1e-08,,,,,,,,,,,,,,,,,,,,,,,,,,,,,,,,,,,,
36,1.0,0.0,11466.0,16.0,816.0,26858.0,0.0,811.2157380621683,811.2157380621683,0.0,2575.4884424209595,,,,,,,,,,,,,,,,324.6155992417711,165.510275310691,546.8762853662488,1e-08,,,,,,,,,,,,,,,,,,,,,,,,,,,,,,,,,,,,
37,1.0,0.0,12483.0,17.0,1017.0,27875.0,0.0,1170.0155725247607,1170.0155725247607,0.0,2644.189404964447,,,,,,,,,,,,,,,,466.3799423882483,201.41612718636188,696.4035746906038,1.0,,,,,,,,,,,,,,,,,,,,,,,,,,,,,,,,,,,,
38,1.0,0.0,13479.0,18.0,996.0,28871.0,0.0,1151.3356194134246,1151.3356194134246,0.0,2711.26211643219,,,,,,,,,,,,,,,,464.5143883145084,206.25251478532516,704.1510390479268,2.0,,,,,,,,,,,,,,,,,,,,,,,,,,,,,,,,,,,,
39,1.0,0.0,13518.0,19.0,39.0,28910.0,0.0,12.275434803990345,12.275434803990345,0.0,2714.079025745392,,,,,,,,,,,,,,,,2.9063910623050115,3.7237528595392058,12.174259812372823,1e-08,,,,,,,,,,,,,,,,,,,,,,,,,,,,,,,,,,,,
40,1.0,0.0,14515.0,20.0,997.0,29907.0,0.0,1160.7447066611471,1160.7447066611471,0.0,2781.8026971817017,,,,,,,,,,,,,,,,455.82389260743776,210.93496542514387,708.918085455597,2.0,,,,,,,,,,,,,,,,,,,,,,,,,,,,,,,,,,,,
